1 2 0.64
1 3 0.16
2 3 0.63
1 4 0.87
2 4 0.38
3 4 0.90
1 5 0.12
1 6 0.27
1 7 0.62
5 7 0.59
6 7 0.92
1 8 0.17
2 8 0.90
3 8 0.99
4 8 0.87
1 9 0.23
3 9 0.57
3 10 0.95
1 11 0.28
5 11 0.52
6 11 0.13
1 12 0.75
1 13 0.95
4 13 0.01
1 14 0.43
2 14 0.19
3 14 0.37
4 14 0.53
6 17 0.89
7 17 0.26
1 18 0.56
2 18 0.89
1 20 0.13
2 20 0.17
1 22 0.93
2 22 0.76
24 26 0.04
25 26 0.04
3 28 0.88
24 28 0.65
25 28 0.01
3 29 0.08
24 30 0.14
27 30 0.97
2 31 0.51
9 31 0.80
1 32 0.76
25 32 0.65
26 32 0.74
29 32 0.60
3 33 0.32
9 33 0.73
15 33 0.92
16 33 0.10
19 33 0.27
21 33 0.80
23 33 0.16
24 33 0.08
30 33 0.06
31 33 0.09
32 33 0.31
9 34 0.64
10 34 0.81
14 34 0.28
15 34 0.75
16 34 0.74
19 34 0.02
20 34 0.88
21 34 0.64
23 34 0.27
24 34 0.72
27 34 0.94
28 34 0.14
29 34 0.06
30 34 0.51
31 34 0.39
32 34 0.18
33 34 0.54
