1 32
1 2
1 3
1 5
1 6
1 7
1 9
1 11
1 14
1 20
2 1
2 3
2 14
2 20
2 31
3 1
3 2
3 33
3 9
3 10
3 14
3 28
3 29
5 1
5 11
5 7
6 1
6 11
6 7
7 1
7 5
7 6
9 1
9 3
9 34
9 33
9 31
10 3
10 34
11 1
11 5
11 6
14 1
14 2
14 3
14 34
15 33
15 34
16 33
16 34
19 33
19 34
20 1
20 2
20 34
21 33
21 34
23 33
23 34
24 33
24 26
24 28
24 34
24 30
25 32
25 26
25 28
26 24
26 25
26 32
28 3
28 24
28 25
28 34
29 3
29 32
29 34
30 24
30 33
30 34
31 2
31 9
31 34
31 33
32 1
32 25
32 26
32 29
32 34
32 33
33 3
33 9
33 15
33 16
33 19
33 21
33 23
33 24
33 30
33 31
33 32
33 34
34 9
34 10
34 14
34 15
34 16
34 19
34 20
34 21
34 23
34 24
34 28
34 29
34 30
34 31
34 32
34 33
