20
1 32 0.24
1 2 0.59
1 3 0.52
1 4 0.18
1 5 0.66
1 6 0.28
1 7 0.42
1 8 0.12
1 9 0.02
1 11 0.60
1 12 0.71
1 13 0.29
1 14 0.12
1 18 0.79
1 20 0.12
1 22 0.31
2 3 0.89
2 4 0.86
2 8 0.21
2 14 0.34
2 18 0.82
2 20 0.10
2 22 0.49
2 31 0.60
3 4 0.50
3 33 0.12
3 8 0.14
3 9 0.55
3 10 0.71
3 14 0.45
3 28 0.68
3 29 0.15
4 8 0.74
4 13 0.46
4 14 0.61
5 11 0.71
5 7 0.66
6 11 0.34
6 17 0.23
6 7 0.11
7 17 0.01
9 34 0.95
9 33 0.69
9 31 0.68
10 34 0.74
14 34 1.00
15 33 0.03
15 34 0.12
16 33 0.37
16 34 0.66
19 33 0.20
19 34 0.61
20 34 0.24
21 33 0.13
21 34 0.34
23 33 0.99
23 34 0.28
24 33 0.16
24 26 0.10
24 28 0.25
24 34 0.26
24 30 0.54
25 32 0.65
25 26 0.03
25 28 0.78
26 32 0.84
27 34 0.48
27 30 0.61
28 34 0.26
29 32 0.86
29 34 0.12
30 33 0.28
30 34 0.09
31 34 0.04
31 33 0.20
32 34 0.40
32 33 0.67
33 34 0.16
