20
1 32 0.22
1 2 0.02
1 3 0.03
1 4 0.70
1 5 0.07
1 6 0.12
1 7 0.93
1 8 0.36
1 9 0.75
1 11 0.22
1 12 0.45
1 13 0.48
1 14 0.53
1 18 0.52
1 20 0.82
1 22 0.50
2 3 0.13
2 4 0.07
2 8 0.99
2 14 0.53
2 18 0.40
2 20 0.71
2 22 0.98
2 31 0.02
3 4 0.28
3 33 0.52
3 8 0.13
3 9 0.32
3 10 0.46
3 14 0.91
3 28 0.45
3 29 0.94
4 8 0.75
4 13 0.21
4 14 0.51
5 11 0.02
5 7 0.86
6 11 0.87
6 17 0.34
6 7 0.27
7 17 0.62
9 34 0.42
9 33 0.80
9 31 0.24
10 34 0.44
14 34 0.34
15 33 0.62
15 34 0.02
16 33 0.37
16 34 0.02
19 33 0.85
19 34 0.80
20 34 0.69
21 33 0.91
21 34 0.63
23 33 0.43
23 34 0.02
24 33 0.22
24 26 0.13
24 28 0.39
24 34 0.53
24 30 0.54
25 32 0.54
25 26 0.26
25 28 0.32
26 32 0.80
27 34 0.69
27 30 0.14
28 34 0.88
29 32 0.52
29 34 0.72
30 33 0.48
30 34 0.38
31 34 0.87
31 33 0.89
32 34 0.36
32 33 0.92
33 34 0.52
