20
1 32 0.89
1 2 0.59
1 3 0.79
1 4 0.68
1 5 0.68
1 6 0.60
1 7 0.02
1 8 0.39
1 9 0.02
1 11 0.55
1 12 0.78
1 13 0.45
1 14 0.75
1 18 0.64
1 20 0.71
1 22 0.06
2 3 0.19
2 4 0.48
2 8 0.05
2 14 0.71
2 18 0.31
2 20 0.38
2 22 0.72
2 31 0.39
3 4 0.74
3 33 0.16
3 8 0.56
3 9 0.24
3 10 0.63
3 14 0.55
3 28 0.21
3 29 0.03
4 8 0.94
4 13 0.91
4 14 0.99
5 11 0.03
5 7 0.46
6 11 0.18
6 17 0.38
6 7 0.67
7 17 0.92
9 34 0.65
9 33 0.22
9 31 0.72
10 34 0.73
14 34 0.69
15 33 0.04
15 34 0.60
16 33 0.09
16 34 0.19
19 33 0.92
19 34 0.97
20 34 0.25
21 33 0.75
21 34 0.56
23 33 0.05
23 34 0.93
24 33 0.05
24 26 0.23
24 28 0.92
24 34 0.91
24 30 0.61
25 32 0.09
25 26 0.87
25 28 0.86
26 32 0.41
27 34 0.27
27 30 0.43
28 34 0.50
29 32 0.33
29 34 0.12
30 33 0.82
30 34 0.77
31 34 0.69
31 33 0.05
32 34 0.31
32 33 0.61
33 34 0.22
