20
1 32 0.40
1 2 0.20
1 3 0.83
1 4 0.66
1 5 0.35
1 6 0.09
1 7 0.99
1 8 0.88
1 9 0.79
1 11 0.22
1 12 0.57
1 13 0.31
1 14 0.02
1 18 0.84
1 20 0.85
1 22 0.26
2 3 0.99
2 4 0.65
2 8 0.89
2 14 0.15
2 18 0.35
2 20 0.60
2 22 0.91
2 31 0.43
3 4 0.31
3 33 0.96
3 8 0.39
3 9 0.44
3 10 0.66
3 14 0.72
3 28 0.50
3 29 0.67
4 8 0.99
4 13 0.22
4 14 0.83
5 11 0.27
5 7 0.96
6 11 0.02
6 17 0.77
6 7 0.12
7 17 0.49
9 34 0.13
9 33 0.60
9 31 0.06
10 34 1.00
14 34 0.08
15 33 0.86
15 34 0.35
16 33 0.53
16 34 0.11
19 33 0.82
19 34 0.78
20 34 0.05
21 33 0.30
21 34 0.48
23 33 0.37
23 34 0.59
24 33 0.29
24 26 0.71
24 28 0.84
24 34 0.94
24 30 0.46
25 32 0.51
25 26 0.04
25 28 0.91
26 32 0.69
27 34 0.18
27 30 0.17
28 34 0.18
29 32 0.31
29 34 0.28
30 33 0.40
30 34 0.04
31 34 0.63
31 33 0.53
32 34 0.43
32 33 0.53
33 34 0.42
