1 2 0.34
1 3 0.49
2 3 0.26
1 4 0.84
2 4 0.95
3 4 0.28
1 5 0.41
1 6 0.39
1 7 0.80
5 7 0.76
6 7 0.76
1 8 0.99
2 8 0.92
3 8 0.62
4 8 0.11
1 9 0.49
3 9 0.41
3 10 0.40
1 11 0.15
5 11 0.09
6 11 0.26
1 12 0.08
1 13 0.46
4 13 0.37
1 14 0.21
2 14 0.12
3 14 0.34
4 14 0.95
6 17 0.76
7 17 0.49
1 18 0.36
2 18 0.09
1 20 0.21
2 20 0.62
1 22 0.68
2 22 0.92
24 26 0.16
25 26 0.27
3 28 0.77
24 28 0.80
25 28 0.89
3 29 0.21
24 30 0.09
27 30 0.36
2 31 0.14
9 31 0.01
1 32 0.88
25 32 0.00
26 32 0.10
29 32 0.82
3 33 0.02
9 33 0.87
15 33 0.16
16 33 0.15
19 33 0.46
21 33 0.93
23 33 0.73
24 33 0.70
30 33 0.27
31 33 0.02
32 33 0.91
9 34 0.37
10 34 0.96
14 34 0.47
15 34 0.85
16 34 0.11
19 34 0.90
20 34 0.08
21 34 0.97
23 34 0.60
24 34 0.54
27 34 0.59
28 34 0.50
29 34 0.73
30 34 0.09
31 34 0.51
32 34 0.36
33 34 0.12
