1 32 0.90
1 2 0.19
1 3 0.16
1 4 0.23
1 5 0.28
1 6 0.10
1 7 0.49
1 8 0.03
1 9 0.85
1 11 0.22
1 12 0.39
1 13 0.81
1 14 0.82
1 18 0.41
1 20 0.19
1 22 0.96
2 3 0.20
2 4 0.87
2 8 0.91
2 14 0.72
2 18 0.40
2 20 0.98
2 22 0.72
2 31 0.08
3 4 0.89
3 33 0.90
3 8 0.75
3 9 0.48
3 10 0.02
3 14 0.41
3 28 0.68
3 29 0.60
4 8 0.99
4 13 0.94
4 14 0.89
5 11 0.65
5 7 0.60
6 11 0.96
6 17 0.80
6 7 0.29
7 17 0.43
9 34 0.48
9 33 0.55
9 31 0.44
10 34 0.67
14 34 0.98
15 33 0.31
15 34 0.68
16 33 0.05
16 34 0.71
19 33 0.89
19 34 0.34
20 34 0.98
21 33 0.08
21 34 1.00
23 33 0.33
23 34 0.95
24 33 0.46
24 26 0.49
24 28 0.01
24 34 0.06
24 30 0.38
25 32 0.10
25 26 0.61
25 28 0.51
26 32 0.78
27 34 0.20
27 30 0.89
28 34 0.57
29 32 0.79
29 34 0.33
30 33 0.59
30 34 0.13
31 34 0.92
31 33 0.77
32 34 0.79
32 33 0.18
33 34 0.55
