1 32 0.74
1 2 0.24
1 3 0.89
1 4 0.01
1 5 0.10
1 6 0.42
1 7 0.67
1 8 0.18
1 9 0.20
1 11 0.91
1 13 0.81
1 14 0.47
1 18 0.85
1 20 0.62
1 22 0.83
2 3 0.90
2 4 0.51
2 8 0.60
2 14 0.53
2 18 0.39
2 20 0.61
2 22 0.04
2 31 0.57
3 4 0.30
3 33 0.13
3 8 0.44
3 9 0.01
3 10 0.80
3 14 0.36
3 28 0.07
3 29 0.35
4 8 0.65
4 13 0.62
4 14 0.22
5 11 0.90
5 7 0.69
6 11 0.57
6 17 0.51
6 7 0.22
7 17 0.15
9 34 0.60
9 33 0.60
9 31 0.21
10 34 0.68
14 34 0.47
15 33 0.30
15 34 0.46
16 33 0.05
16 34 0.50
19 33 0.67
19 34 0.34
20 34 0.19
23 33 0.94
23 34 0.80
24 33 0.39
24 26 0.02
24 28 0.08
24 34 0.27
24 30 0.52
25 32 0.14
25 26 0.61
25 28 0.72
26 32 0.14
28 34 0.57
29 32 0.80
29 34 0.17
30 33 0.22
30 34 0.23
31 34 0.30
31 33 0.61
32 34 0.09
32 33 0.48
33 34 0.58
