1 32 0.43
1 2 0.84
1 3 0.95
1 4 0.21
1 5 0.64
1 6 0.08
1 7 0.93
1 8 0.47
1 9 0.22
1 11 0.49
1 13 0.69
1 14 0.86
1 18 0.01
1 20 0.91
1 22 0.49
2 3 0.85
2 4 0.47
2 8 0.18
2 14 0.53
2 18 0.27
2 20 0.92
2 22 0.32
2 31 0.83
3 4 0.38
3 33 0.24
3 8 0.39
3 9 0.66
3 10 0.76
3 14 0.77
3 28 0.37
3 29 0.64
4 8 0.62
4 13 0.80
4 14 0.03
5 11 0.54
5 7 0.61
6 11 0.65
6 17 0.92
6 7 0.83
7 17 0.04
9 34 0.41
9 33 0.38
9 31 0.42
10 34 0.37
14 34 0.84
15 33 0.10
15 34 0.25
16 33 0.17
16 34 0.67
19 33 0.94
19 34 0.56
20 34 0.22
23 33 0.90
23 34 0.69
24 33 0.79
24 26 0.55
24 28 0.90
24 34 0.14
24 30 0.81
25 32 0.57
25 26 0.69
25 28 0.83
26 32 0.78
28 34 0.74
29 32 0.14
29 34 0.10
30 33 0.01
30 34 0.44
31 34 0.37
31 33 0.16
32 34 0.19
32 33 0.80
33 34 0.50
