1 2
1 3
1 4
1 8
1 9
1 13
1 14
1 18
1 20
1 22
1 32
2 1
2 3
2 4
2 8
2 14
2 18
2 20
2 22
2 31
3 1
3 2
3 4
3 8
3 9
3 10
3 14
3 28
3 29
3 33
4 1
4 2
4 3
4 8
4 13
4 14
8 1
8 2
8 3
8 4
9 1
9 3
9 31
9 33
9 34
10 3
10 34
13 1
13 4
14 1
14 2
14 3
14 4
14 34
18 1
18 2
20 1
20 2
20 34
22 1
22 2
24 28
24 30
24 33
24 34
28 3
28 24
28 34
29 3
29 32
29 34
30 24
30 33
30 34
31 2
31 9
31 33
31 34
32 1
32 29
32 33
32 34
33 3
33 9
33 24
33 30
33 31
33 32
33 34
34 9
34 10
34 14
34 20
34 24
34 28
34 29
34 30
34 31
34 32
34 33
