14
1 32 0.19
1 2 0.79
1 3 0.14
1 4 0.40
1 5 0.77
1 6 0.78
1 7 0.02
1 8 0.60
1 9 0.53
1 11 0.71
1 12 0.29
1 13 0.95
1 14 0.11
1 18 0.50
1 20 0.85
1 22 0.48
2 3 0.93
2 4 0.84
2 8 0.87
2 14 0.18
2 18 0.70
2 20 0.94
2 22 0.49
2 31 0.84
3 4 0.11
3 33 0.55
3 8 0.51
3 9 0.97
3 10 0.19
3 14 0.67
3 28 0.13
3 29 0.86
4 8 0.87
4 13 0.23
4 14 0.96
5 11 0.35
5 7 0.66
6 11 0.38
6 17 0.51
6 7 0.03
7 17 0.27
9 34 0.12
9 33 0.44
9 31 0.45
10 34 0.82
14 34 0.03
15 33 0.76
15 34 0.26
16 33 0.86
16 34 0.15
19 33 0.80
19 34 0.06
20 34 0.20
21 33 0.33
21 34 0.71
23 33 0.93
23 34 0.42
24 33 0.13
24 26 0.26
24 28 0.24
24 34 0.11
24 30 0.16
25 32 0.31
25 26 0.43
25 28 0.52
26 32 0.52
27 34 0.84
27 30 0.12
28 34 0.05
29 32 0.57
29 34 0.67
30 33 0.51
30 34 0.16
31 34 0.22
31 33 0.38
32 34 0.70
32 33 0.10
33 34 0.20
