14
1 32 0.41
1 2 0.05
1 3 0.09
1 4 0.05
1 5 0.50
1 6 0.23
1 7 0.66
1 8 0.43
1 9 0.12
1 11 0.36
1 12 0.80
1 13 0.52
1 14 0.03
1 18 0.19
1 20 0.03
1 22 0.81
2 3 0.51
2 4 0.60
2 8 0.11
2 14 0.64
2 18 0.07
2 20 0.69
2 22 0.97
2 31 0.59
3 4 0.63
3 33 0.62
3 8 0.68
3 9 0.70
3 10 1.00
3 14 0.70
3 28 0.50
3 29 0.49
4 8 0.11
4 13 0.57
4 14 0.63
5 11 0.44
5 7 0.36
6 11 0.31
6 17 0.75
6 7 0.58
7 17 0.83
9 34 0.72
9 33 0.37
9 31 0.42
10 34 0.23
14 34 0.21
15 33 0.20
15 34 0.53
16 33 0.51
16 34 0.38
19 33 0.87
19 34 0.50
20 34 0.69
21 33 0.44
21 34 0.23
23 33 0.25
23 34 0.86
24 33 0.83
24 26 0.76
24 28 0.56
24 34 0.62
24 30 0.28
25 32 0.74
25 26 0.68
25 28 0.73
26 32 0.59
27 34 0.68
27 30 0.89
28 34 0.37
29 32 0.86
29 34 0.67
30 33 0.40
30 34 0.93
31 34 0.30
31 33 0.73
32 34 0.44
32 33 0.88
33 34 0.82
