14
1 32 0.89
1 2 0.88
1 3 0.60
1 4 0.81
1 5 0.58
1 6 0.44
1 7 0.26
1 8 0.26
1 9 1.00
1 11 0.02
1 12 0.14
1 13 0.66
1 14 0.78
1 18 0.47
1 20 0.55
1 22 0.24
2 3 0.09
2 4 0.51
2 8 0.40
2 14 0.65
2 18 0.54
2 20 0.01
2 22 0.84
2 31 0.46
3 4 0.74
3 33 0.33
3 8 0.57
3 9 0.77
3 10 0.18
3 14 0.43
3 28 0.85
3 29 0.99
4 8 0.32
4 13 0.22
4 14 0.59
5 11 0.84
5 7 0.65
6 11 0.01
6 17 0.05
6 7 0.08
7 17 0.05
9 34 0.44
9 33 0.99
9 31 0.16
10 34 0.78
14 34 0.20
15 33 0.72
15 34 0.15
16 33 0.99
16 34 0.09
19 33 1.00
19 34 0.47
20 34 0.75
21 33 0.26
21 34 0.86
23 33 0.42
23 34 0.14
24 33 0.71
24 26 0.81
24 28 0.44
24 34 0.14
24 30 0.66
25 32 0.48
25 26 0.79
25 28 0.83
26 32 0.18
27 34 0.11
27 30 0.86
28 34 0.53
29 32 0.05
29 34 0.48
30 33 0.28
30 34 0.87
31 34 0.05
31 33 0.17
32 34 0.78
32 33 0.36
33 34 0.21
