14
1 32 0.13
1 2 0.51
1 3 0.81
1 4 0.96
1 5 0.16
1 6 0.78
1 7 0.03
1 8 0.75
1 9 0.34
1 11 0.35
1 12 0.03
1 13 0.76
1 14 0.43
1 18 0.70
1 20 0.27
1 22 0.18
2 3 0.41
2 4 0.33
2 8 0.79
2 14 0.13
2 18 0.40
2 20 0.77
2 22 0.59
2 31 0.72
3 4 0.45
3 33 0.25
3 8 0.58
3 9 0.07
3 10 0.97
3 14 0.90
3 28 0.86
3 29 0.63
4 8 0.70
4 13 0.16
4 14 0.69
5 11 0.92
5 7 0.69
6 11 0.74
6 17 0.57
6 7 0.24
7 17 0.10
9 34 0.17
9 33 0.08
9 31 0.06
10 34 0.76
14 34 0.49
15 33 0.85
15 34 0.21
16 33 0.40
16 34 0.93
19 33 0.71
19 34 0.22
20 34 0.76
21 33 0.89
21 34 0.14
23 33 0.04
23 34 0.70
24 33 0.71
24 26 0.14
24 28 0.04
24 34 0.39
24 30 0.48
25 32 0.32
25 26 0.87
25 28 0.17
26 32 0.77
27 34 0.95
27 30 0.36
28 34 0.52
29 32 0.78
29 34 0.23
30 33 0.67
30 34 0.65
31 34 0.99
31 33 0.23
32 34 0.41
32 33 0.60
33 34 0.37
