852
686 687 0.67
686 688 0.87
686 689 0.59
686 690 0.48
686 691 0.46
686 693 0.88
686 694 0.10
686 695 0.66
686 696 0.64
686 697 0.14
686 698 0.63
686 699 0.24
686 700 0.75
686 701 0.98
686 702 0.47
686 703 0.08
686 704 0.48
686 705 0.35
686 706 0.52
686 707 0.47
686 708 0.69
686 709 0.99
686 710 0.63
686 711 0.41
686 712 0.52
686 713 0.30
686 714 0.93
686 715 0.76
686 716 0.36
686 717 0.76
686 718 0.71
686 719 0.44
686 720 0.93
686 721 0.28
686 722 0.40
686 723 0.87
686 724 0.31
686 725 0.68
686 726 0.92
686 727 0.53
686 728 0.31
686 730 0.35
686 731 0.15
686 732 0.83
686 733 0.35
686 734 0.98
686 735 0.39
686 736 0.61
686 737 0.98
686 738 0.94
686 739 0.15
686 740 0.65
686 741 0.52
686 742 0.80
686 743 0.52
686 744 0.63
686 745 0.08
686 746 0.13
686 747 0.41
686 748 0.91
686 749 0.50
686 750 0.35
686 751 0.18
686 752 0.96
686 753 0.25
686 754 0.71
686 755 0.23
686 756 0.01
686 757 0.11
686 758 0.43
686 759 0.29
686 760 0.66
686 761 0.42
686 762 0.12
686 763 0.93
686 764 0.36
686 765 0.81
686 766 0.89
686 767 0.80
686 768 0.66
686 769 0.25
686 770 0.72
686 771 0.36
686 772 0.76
686 773 0.40
686 774 0.19
686 777 0.32
686 778 0.27
686 779 0.98
686 780 0.91
686 781 0.39
686 782 0.11
686 783 0.02
686 784 0.23
686 785 0.30
686 786 0.63
686 787 0.52
686 789 0.43
686 790 0.70
686 792 0.71
686 793 0.20
686 794 0.93
686 795 0.99
686 796 0.68
686 797 0.88
686 798 0.92
686 799 0.38
686 800 0.25
686 801 0.62
686 802 0.94
686 803 0.35
686 804 0.16
686 805 0.36
686 806 0.68
686 807 0.63
686 808 0.25
686 809 0.97
686 810 0.74
686 812 0.61
686 813 0.23
686 814 0.67
686 815 0.46
686 816 0.41
686 817 0.61
686 818 0.34
686 819 0.16
686 820 0.24
686 821 0.11
686 822 0.36
686 823 0.74
686 824 0.99
686 826 0.01
686 827 0.99
686 828 0.73
686 829 0.70
686 830 0.75
686 831 0.35
686 833 0.18
686 834 0.92
686 835 0.86
686 836 0.97
686 837 0.18
686 838 0.60
686 839 0.39
686 840 0.75
686 842 0.56
686 843 0.27
686 844 0.16
686 845 0.48
686 846 0.98
686 847 0.59
686 848 0.30
686 849 0.74
686 850 0.35
686 852 0.46
686 853 0.40
686 854 0.46
686 855 0.12
686 856 0.55
687 774 0.02
687 777 0.97
687 779 0.26
687 780 0.93
687 783 0.92
687 856 0.95
687 797 0.46
687 805 0.36
687 807 0.75
687 688 0.71
687 817 0.25
687 819 0.91
687 820 0.46
687 823 0.32
687 697 0.36
687 828 0.05
687 830 0.15
687 703 0.74
687 838 0.23
687 718 0.20
687 728 0.03
687 730 0.31
687 739 0.39
687 747 0.05
687 759 0.20
687 764 0.13
687 765 0.08
688 770 0.46
688 771 0.88
688 772 0.56
688 774 0.45
688 777 0.98
688 780 0.66
688 792 0.03
688 815 0.95
688 800 0.66
688 805 0.90
688 819 0.82
688 821 0.51
688 694 0.23
688 695 0.66
688 696 0.30
688 697 0.09
688 828 0.39
688 701 0.08
688 830 0.46
688 834 0.15
688 840 0.51
688 713 0.11
688 823 0.82
688 845 0.85
688 719 0.33
688 824 0.29
688 723 0.60
688 724 0.60
688 853 0.10
688 726 0.55
688 727 0.52
688 856 0.55
688 847 0.98
688 734 0.74
688 739 0.63
688 740 0.02
688 849 0.93
688 747 0.18
688 751 0.97
688 752 0.32
688 754 0.82
688 756 0.41
688 766 0.47
689 771 0.89
689 839 0.16
689 712 0.12
689 714 0.35
689 789 0.54
689 732 0.80
689 702 0.59
690 773 0.96
690 713 0.07
690 784 0.41
690 820 0.14
690 853 0.67
690 694 0.84
690 731 0.33
690 831 0.11
691 833 0.10
691 771 0.96
691 746 0.08
691 782 0.64
691 822 0.81
693 705 0.58
693 834 0.44
693 837 0.44
693 713 0.06
693 778 0.37
693 823 0.79
693 844 0.53
693 726 0.21
693 695 0.17
693 824 0.28
693 697 0.95
693 828 0.58
693 734 0.32
694 772 0.41
694 773 0.63
694 774 0.07
694 780 0.87
694 781 0.94
694 784 0.49
694 795 0.94
694 798 0.41
694 800 0.95
694 805 0.72
694 810 0.51
694 812 0.68
694 815 0.49
694 820 0.82
694 821 0.09
694 695 0.20
694 696 0.47
694 697 0.55
694 827 0.46
694 828 0.97
694 829 0.99
694 830 0.49
694 703 0.65
694 705 0.37
694 706 0.09
694 710 0.05
694 711 0.46
694 713 0.79
694 842 0.60
694 823 1.00
694 845 0.04
694 719 0.14
694 848 0.90
694 824 0.29
694 722 0.23
694 724 0.49
694 853 0.06
694 726 0.79
694 727 0.60
694 731 0.92
694 834 0.72
694 737 0.08
694 738 0.55
694 745 0.84
694 847 0.72
694 752 0.49
694 754 0.21
694 756 0.88
694 760 0.16
694 831 0.14
694 766 0.02
695 777 0.39
695 778 0.05
695 780 0.95
695 781 0.19
695 784 0.62
695 794 0.96
695 805 0.90
695 810 0.12
695 815 0.98
695 696 0.16
695 697 0.99
695 700 0.02
695 701 0.78
695 830 0.77
695 706 0.87
695 829 0.54
695 711 0.08
695 840 0.93
695 713 0.08
695 842 0.30
695 844 0.38
695 718 0.51
695 719 0.22
695 824 0.89
695 724 0.09
695 853 0.65
695 726 0.63
695 847 0.79
695 834 0.85
695 734 0.89
695 738 0.20
695 745 0.26
695 751 0.69
695 752 0.22
695 754 0.58
695 760 0.70
695 766 0.87
696 773 0.98
696 774 0.29
696 778 0.33
696 780 0.82
696 784 0.65
696 795 0.93
696 805 0.17
696 823 0.97
696 824 0.86
696 697 0.42
696 828 0.06
696 829 0.36
696 830 0.76
696 834 0.56
696 711 0.43
696 840 0.27
696 713 0.80
696 842 0.83
696 845 0.59
696 719 0.52
696 724 0.17
696 853 0.50
696 727 0.88
696 738 0.74
696 739 0.71
696 745 0.24
696 747 0.81
697 769 0.45
697 772 0.16
697 777 0.01
697 780 0.30
697 781 0.63
697 815 0.04
697 824 0.60
697 800 0.32
697 805 0.95
697 818 0.16
697 819 0.07
697 820 0.69
697 698 0.27
697 827 0.04
697 828 0.97
697 701 0.18
697 830 0.72
697 705 0.90
697 834 0.89
697 835 0.97
697 708 0.83
697 709 0.17
697 840 0.56
697 713 0.42
697 842 0.67
697 823 0.53
697 844 0.33
697 719 0.53
697 848 0.95
697 721 0.83
697 724 0.27
697 726 0.02
697 727 0.61
697 856 0.54
697 731 0.16
697 849 0.86
697 745 0.26
697 747 0.37
697 748 0.79
697 753 0.62
697 754 0.35
697 760 0.67
697 890 0.47
697 765 0.91
697 766 0.88
698 769 0.77
698 772 0.50
698 774 0.52
698 798 0.54
698 800 0.96
698 803 0.20
698 804 0.02
698 805 0.38
698 810 0.45
698 819 0.43
698 823 0.22
698 828 0.05
698 830 0.92
698 703 0.10
698 708 0.51
698 840 0.42
698 713 0.79
698 719 0.09
698 856 0.20
698 869 0.20
698 745 0.76
698 747 0.06
698 880 0.81
698 753 0.44
698 890 0.49
699 833 0.81
700 745 0.36
700 815 0.25
700 784 0.23
700 794 0.86
700 795 0.16
701 834 0.85
701 774 0.79
701 713 0.23
701 778 0.09
701 747 0.02
701 777 0.58
701 781 0.57
701 845 0.35
701 754 0.58
701 724 0.60
701 821 0.67
701 726 0.72
701 760 0.89
701 794 0.50
701 842 0.96
701 830 0.95
701 780 0.39
702 839 0.11
702 714 0.30
702 725 0.24
702 822 0.90
702 732 0.49
702 789 0.42
703 779 0.01
703 781 0.73
703 856 0.30
703 787 0.17
703 792 0.65
703 793 0.19
703 815 0.74
703 797 0.53
703 805 0.07
703 807 0.96
703 809 0.60
703 817 0.60
703 819 0.77
703 820 0.50
703 823 0.62
703 824 0.48
703 827 0.28
703 828 0.69
703 831 0.33
703 705 0.61
703 835 0.02
703 709 0.04
703 838 0.35
703 843 0.08
703 845 0.63
703 718 0.46
703 719 0.55
703 728 0.84
703 730 0.47
703 739 0.47
703 741 0.25
703 747 0.01
703 748 0.28
703 880 0.22
703 754 0.58
703 758 0.41
703 759 0.59
703 764 0.65
703 765 0.02
704 848 0.09
704 777 0.08
704 770 0.71
704 799 0.49
705 831 0.42
705 770 0.56
705 772 0.33
705 773 0.95
705 778 0.04
705 780 0.94
705 781 0.16
705 784 0.05
705 787 0.61
705 814 0.20
705 847 0.59
705 799 0.34
705 800 0.75
705 803 0.30
705 805 0.14
705 807 0.37
705 808 0.88
705 809 0.96
705 810 0.57
705 819 0.71
705 820 0.77
705 823 0.54
705 824 0.93
705 827 0.74
705 828 0.63
705 829 0.07
705 830 0.23
705 706 0.61
705 835 0.65
705 836 0.36
705 713 0.50
705 842 0.20
705 715 0.37
705 844 0.26
705 845 0.84
705 718 0.28
705 719 0.54
705 720 0.72
705 849 0.60
705 722 0.15
705 724 0.64
705 853 0.74
705 726 0.76
705 728 0.12
705 731 0.45
705 834 0.19
705 737 0.56
705 738 0.27
705 739 0.40
705 741 0.35
705 745 0.66
705 843 0.27
705 747 0.22
705 748 0.06
705 752 0.77
705 754 0.88
705 755 0.58
705 758 0.80
705 759 0.24
705 760 0.44
705 761 0.31
705 762 0.11
705 763 0.28
705 764 0.56
706 834 0.81
706 773 0.64
706 815 0.49
706 713 0.62
706 810 0.35
706 745 0.73
706 719 0.70
706 752 0.54
706 853 1.00
706 847 0.24
706 731 0.53
706 828 0.35
706 784 0.45
706 805 0.06
707 736 0.03
707 768 0.36
707 742 0.72
707 833 0.63
707 712 0.52
707 714 0.12
707 816 0.62
707 746 0.16
707 767 0.60
708 769 0.56
708 774 0.96
708 781 0.30
708 814 0.34
708 797 0.28
708 800 0.90
708 819 0.33
708 823 0.97
708 824 0.94
708 827 0.38
708 828 0.83
708 830 0.55
708 840 0.82
708 713 0.44
708 719 0.78
708 849 0.38
708 724 0.52
708 856 0.84
708 730 0.94
708 869 0.51
708 747 0.24
708 753 0.91
708 755 0.35
708 760 0.40
708 890 0.92
709 739 0.35
709 805 0.65
709 838 0.62
709 840 0.40
709 777 0.45
709 843 0.45
709 848 0.59
709 754 0.35
709 819 0.52
709 823 0.64
709 824 0.38
709 835 0.46
709 828 0.40
709 830 0.24
710 803 0.44
710 805 0.69
710 711 0.01
710 810 0.59
710 847 0.46
710 853 0.23
711 784 0.94
711 738 0.21
711 745 0.96
711 810 0.50
711 727 0.29
711 842 0.02
711 847 0.49
711 752 0.07
711 722 0.25
711 724 0.27
711 853 0.05
711 795 0.47
711 828 0.39
711 829 0.52
711 766 0.94
712 736 0.82
712 768 0.87
712 742 0.47
712 839 0.08
712 714 0.44
712 816 0.36
712 789 0.49
712 782 0.05
712 822 0.93
712 767 0.78
713 772 0.15
713 773 0.03
713 774 0.38
713 833 0.87
713 777 0.44
713 778 0.39
713 780 0.31
713 781 0.91
713 782 0.23
713 784 0.95
713 787 0.91
713 814 0.73
713 847 0.08
713 794 0.18
713 824 0.42
713 800 0.42
713 816 0.29
713 805 0.98
713 810 0.19
713 813 0.15
713 815 0.46
713 817 0.03
713 819 0.76
713 827 0.23
713 828 0.43
713 830 0.88
713 831 0.31
713 829 0.20
713 840 0.11
713 842 0.19
713 823 0.02
713 844 0.32
713 845 0.78
713 719 0.90
713 848 0.46
713 721 0.42
713 722 0.83
713 724 0.45
713 853 0.91
713 726 0.59
713 731 0.94
713 834 0.69
713 734 0.38
713 736 0.35
713 738 0.21
713 742 0.48
713 745 0.12
713 746 0.68
713 747 0.58
713 748 0.98
713 850 0.97
713 751 0.98
713 752 0.90
713 760 0.62
713 762 0.41
713 818 0.17
713 766 0.89
714 806 0.91
714 839 0.10
714 818 0.24
714 771 0.11
714 789 0.50
714 725 0.05
714 822 0.21
714 732 0.29
714 767 0.19
715 738 0.78
715 805 0.69
715 745 0.51
715 842 0.43
715 781 0.32
715 814 0.38
715 827 0.26
715 834 0.26
716 770 0.41
716 795 0.21
716 741 0.91
716 747 0.48
716 718 0.36
716 849 0.23
716 820 0.90
716 728 0.75
716 763 0.08
716 797 0.70
716 799 0.36
717 852 0.89
717 798 0.36
717 855 0.21
718 770 0.83
718 781 0.93
718 787 0.41
718 814 0.49
718 793 0.22
718 815 0.98
718 797 0.41
718 803 0.12
718 805 0.80
718 809 0.05
718 817 0.41
718 827 0.80
718 828 0.83
718 834 0.21
718 823 0.82
718 719 0.49
718 720 0.37
718 730 0.25
718 745 0.45
718 747 0.71
718 748 0.85
718 758 0.19
718 762 0.20
718 764 0.38
719 768 0.52
719 848 0.14
719 772 0.56
719 773 0.16
719 774 0.59
719 781 0.03
719 784 0.28
719 787 0.57
719 814 0.06
719 794 0.94
719 799 0.03
719 800 0.89
719 805 0.45
719 810 0.24
719 815 0.69
719 817 0.27
719 819 0.95
719 820 0.14
719 827 0.30
719 828 0.71
719 829 0.42
719 830 0.66
719 840 0.86
719 842 0.18
719 823 0.37
719 845 0.31
719 847 0.73
719 720 0.41
719 824 0.93
719 722 0.88
719 724 0.72
719 853 0.92
719 726 1.00
719 727 0.94
719 728 0.90
719 731 0.40
719 834 0.76
719 733 0.46
719 734 0.72
719 737 0.44
719 849 0.33
719 745 0.73
719 747 0.02
719 752 0.15
719 755 0.44
719 756 0.44
719 759 0.02
719 760 0.25
719 762 0.52
719 764 0.19
719 766 0.76
720 739 0.80
720 774 0.38
720 808 0.14
720 745 0.69
720 781 0.37
720 755 0.56
720 790 0.01
720 809 0.04
720 787 0.49
720 793 0.93
720 730 0.73
720 764 0.54
720 803 0.84
721 736 0.31
721 848 0.52
722 768 0.85
722 738 0.64
722 784 0.99
722 820 0.56
722 853 0.24
722 745 0.68
722 737 0.81
722 829 0.54
723 770 0.71
723 830 0.48
723 745 0.45
723 849 0.81
723 734 0.68
723 727 0.15
723 824 0.38
723 826 0.80
723 828 0.45
723 766 0.71
724 773 0.40
724 777 0.99
724 778 0.93
724 781 0.85
724 784 0.93
724 786 0.44
724 814 0.50
724 794 0.43
724 795 0.99
724 805 0.81
724 819 0.22
724 820 0.22
724 821 0.19
724 826 0.56
724 827 0.35
724 828 0.50
724 830 0.69
724 834 0.64
724 842 0.74
724 823 0.41
724 848 0.43
724 824 0.51
724 853 0.31
724 726 0.38
724 731 0.64
724 734 0.04
724 736 0.83
724 738 0.71
724 742 0.89
724 745 0.15
724 829 0.76
724 752 0.99
724 754 0.30
724 760 0.87
724 766 0.04
725 771 0.62
725 806 0.93
725 839 0.79
725 818 0.49
725 732 0.50
726 773 0.86
726 778 0.63
726 780 0.19
726 781 0.41
726 784 0.56
726 805 0.99
726 812 0.48
726 815 0.87
726 820 0.60
726 824 0.67
726 828 0.49
726 830 0.27
726 821 0.88
726 834 0.98
726 823 0.88
726 844 0.91
726 845 0.84
726 853 0.90
726 731 0.67
726 745 0.69
726 751 0.07
726 752 0.04
726 754 0.72
726 760 0.03
726 766 0.07
727 770 0.92
727 784 0.63
727 800 0.94
727 805 0.56
727 824 0.64
727 828 0.23
727 830 0.11
727 842 0.46
727 845 0.74
727 846 0.12
727 848 0.86
727 853 0.24
727 854 0.87
727 847 0.99
727 849 0.61
727 752 0.18
727 756 0.67
727 766 0.87
728 773 0.80
728 774 0.82
728 779 0.99
728 780 0.11
728 781 0.86
728 783 0.63
728 787 0.82
728 792 0.12
728 797 0.11
728 803 0.04
728 805 0.42
728 807 0.44
728 809 0.34
728 817 0.76
728 819 0.52
728 820 0.92
728 823 0.34
728 824 0.86
728 828 0.77
728 835 0.83
728 838 0.78
728 843 0.53
728 856 0.77
728 730 0.11
728 737 0.70
728 739 0.14
728 741 0.66
728 747 0.61
728 754 0.78
728 759 0.58
728 764 0.37
728 765 0.78
730 783 0.02
730 803 0.05
730 747 0.80
730 849 0.85
730 787 0.27
730 763 0.37
730 764 0.97
730 797 0.73
731 773 0.04
731 774 0.37
731 781 0.86
731 784 0.42
731 805 0.21
731 810 0.63
731 815 0.20
731 827 0.67
731 828 0.83
731 830 0.02
731 853 0.37
731 847 0.80
731 834 0.53
731 745 0.47
731 752 0.62
731 766 0.04
732 802 0.98
732 771 0.85
732 806 0.02
732 839 0.02
732 818 0.92
732 822 0.57
732 789 0.09
733 768 0.60
733 839 0.27
733 782 0.34
733 786 0.07
733 795 0.76
733 829 0.72
734 770 0.84
734 778 0.13
734 784 0.48
734 785 0.01
734 803 0.87
734 805 0.41
734 829 0.57
734 842 0.68
734 846 0.93
734 849 0.16
734 853 0.09
734 847 0.28
734 756 0.02
734 760 0.09
734 766 0.06
735 800 0.46
735 769 0.04
735 819 0.04
735 856 0.23
736 833 0.13
736 742 0.66
736 746 0.98
736 850 0.18
736 816 0.53
736 818 0.39
736 782 0.89
737 773 0.13
737 745 0.42
737 843 0.85
737 837 0.29
737 824 0.40
737 820 0.21
737 815 0.56
737 828 0.03
737 830 0.68
737 805 0.71
738 774 0.75
738 781 0.79
738 784 0.81
738 794 0.17
738 795 0.48
738 805 0.37
738 813 0.03
738 826 0.87
738 829 0.70
738 842 0.47
738 853 0.20
738 745 0.84
738 751 0.45
738 752 0.27
738 760 0.37
739 774 0.16
739 777 0.79
739 780 0.36
739 787 0.16
739 792 0.54
739 793 0.83
739 797 0.22
739 805 0.07
739 807 0.59
739 819 0.55
739 823 0.37
739 828 0.58
739 840 0.75
739 824 0.44
739 740 0.08
739 747 0.59
739 754 0.30
739 757 0.67
739 758 0.79
739 764 0.76
740 770 0.23
740 748 0.78
740 817 0.65
740 831 0.19
741 800 0.04
741 770 0.92
741 827 0.95
741 836 0.56
741 807 0.12
741 747 0.89
741 781 0.76
741 835 0.48
741 820 0.75
741 823 0.85
741 763 0.31
741 828 0.65
742 768 0.21
742 746 0.13
742 786 0.45
742 789 0.14
742 759 0.03
742 829 0.52
743 833 1.00
743 782 0.25
744 848 0.79
745 773 0.97
745 774 0.27
745 781 0.58
745 784 0.23
745 823 0.25
745 787 0.44
745 814 0.48
745 790 0.11
745 847 0.02
745 794 0.14
745 795 0.38
745 799 0.50
745 800 0.42
745 805 0.95
745 810 0.37
745 813 0.70
745 815 0.84
745 817 0.27
745 820 0.98
745 827 0.90
745 829 0.56
745 830 0.93
745 842 0.30
745 845 0.57
745 824 0.44
745 853 0.11
745 834 0.96
745 828 0.19
745 747 0.38
745 751 0.02
745 752 0.84
745 755 0.82
745 758 0.10
745 760 0.09
745 762 0.99
746 833 0.95
746 816 0.11
746 782 0.90
747 769 0.02
747 770 0.65
747 773 0.89
747 774 0.73
747 780 0.09
747 783 0.57
747 856 0.10
747 792 0.08
747 793 0.98
747 815 0.35
747 797 0.81
747 831 0.62
747 800 0.67
747 880 0.25
747 803 0.83
747 804 0.99
747 805 0.37
747 807 0.22
747 809 0.52
747 810 0.65
747 819 0.76
747 820 0.33
747 823 0.22
747 828 0.44
747 830 0.66
747 837 0.14
747 838 0.70
747 840 0.30
747 848 0.39
747 849 0.26
747 748 0.77
747 752 0.99
747 753 0.69
747 754 0.83
747 758 0.02
747 763 0.33
747 764 0.35
747 765 0.11
748 770 0.18
748 779 1.00
748 849 0.21
748 817 0.68
748 787 0.09
748 758 0.90
748 793 0.83
748 831 0.26
748 764 0.13
748 797 0.37
748 830 0.01
749 757 0.17
750 770 0.13
751 784 0.70
751 842 0.49
751 795 0.08
751 828 0.79
751 830 0.53
752 773 0.97
752 774 0.01
752 781 0.88
752 784 0.34
752 847 0.65
752 800 0.31
752 805 0.76
752 810 0.33
752 815 0.19
752 820 0.63
752 824 0.77
752 827 0.56
752 828 0.75
752 829 0.72
752 830 0.71
752 831 0.49
752 842 0.95
752 823 0.76
752 853 0.57
752 834 0.09
752 759 0.83
752 766 0.69
753 769 0.47
753 890 0.47
753 823 0.93
753 819 0.45
753 856 0.17
754 773 0.10
754 777 0.21
754 779 0.54
754 780 0.79
754 792 0.16
754 805 0.22
754 815 0.06
754 821 0.20
754 824 1.00
754 828 0.89
754 830 0.80
754 835 0.79
754 838 0.36
754 840 0.65
754 823 0.96
754 848 0.80
755 827 0.31
755 845 0.50
755 808 0.47
755 781 0.28
755 849 0.43
755 787 0.12
755 814 0.63
755 758 0.02
755 809 0.72
755 836 0.15
755 793 1.00
755 783 0.77
755 797 0.22
756 847 0.04
756 805 0.28
756 826 0.33
756 827 0.20
758 836 0.40
758 849 0.53
758 808 0.71
758 781 0.35
758 783 0.68
758 814 0.41
758 817 0.07
758 809 0.77
758 787 0.51
758 793 0.52
758 827 0.76
759 828 0.24
759 766 0.82
760 781 0.39
760 784 0.76
760 794 0.58
760 800 0.09
760 805 0.54
760 814 0.55
760 820 0.48
760 824 0.17
760 827 0.82
760 828 0.56
760 830 0.90
760 834 0.05
760 842 0.01
760 823 0.65
760 829 0.30
760 766 0.46
761 800 0.83
761 772 0.13
761 805 0.93
761 842 0.28
761 848 0.23
761 827 0.38
762 814 0.18
762 805 0.38
762 810 0.53
762 781 0.99
762 827 0.89
762 842 0.77
762 799 0.45
763 770 0.54
763 803 0.59
763 804 0.76
763 849 0.39
763 787 0.27
763 820 0.84
763 836 0.24
763 797 0.61
764 779 0.66
764 781 0.02
764 783 0.07
764 787 0.78
764 793 0.47
764 797 0.18
764 805 0.27
764 807 0.26
764 809 0.07
764 817 0.64
764 823 0.60
764 824 0.56
764 827 0.27
764 828 0.57
764 838 0.72
764 843 0.08
765 779 0.58
765 807 0.88
765 843 0.88
765 780 0.53
765 856 0.52
765 792 0.13
765 835 0.55
765 823 0.04
766 771 0.21
766 780 0.10
766 784 0.64
766 800 0.66
766 805 0.31
766 810 0.08
766 815 0.99
766 820 0.74
766 824 0.50
766 826 0.84
766 827 0.44
766 828 0.03
766 830 0.68
766 834 0.02
766 823 0.91
766 849 0.38
766 853 0.91
766 847 0.30
767 768 0.94
767 839 0.30
767 822 0.76
767 796 0.66
768 833 0.28
768 839 0.49
768 786 0.46
768 816 0.19
768 789 0.90
768 822 0.19
769 800 0.53
769 869 0.86
769 774 0.07
769 856 0.99
769 828 0.49
769 890 0.63
769 798 0.44
770 772 0.02
770 777 0.83
770 781 0.01
770 783 0.28
770 797 0.60
770 799 0.67
770 803 0.96
770 820 0.78
770 824 0.28
770 828 0.19
770 845 0.35
770 849 0.95
771 802 0.55
771 806 0.51
771 839 0.18
771 850 0.11
771 818 0.16
771 789 0.07
772 800 0.16
772 805 0.92
772 845 0.46
772 781 0.03
772 814 0.65
772 856 0.08
772 827 0.59
772 828 0.30
773 774 0.14
773 780 0.81
773 781 0.02
773 784 0.83
773 810 0.33
773 815 0.89
773 820 0.63
773 821 0.46
773 823 0.72
773 827 0.63
773 828 0.03
773 829 0.13
773 831 0.24
773 836 0.77
773 842 0.40
773 824 0.10
773 853 0.14
773 834 0.57
773 847 0.43
774 784 0.32
774 856 0.07
774 800 0.19
774 805 0.51
774 807 0.20
774 810 0.73
774 819 0.59
774 820 0.53
774 823 0.80
774 828 0.43
774 830 0.07
774 840 0.69
774 843 0.02
774 824 0.11
774 853 0.43
774 869 0.08
777 779 0.76
777 780 0.96
777 824 0.49
777 829 0.02
777 830 0.82
778 834 0.30
778 830 0.66
778 844 0.43
778 812 0.62
778 819 0.06
778 828 0.41
779 835 0.87
779 828 0.85
779 838 0.35
779 780 0.74
779 807 0.98
779 840 0.61
779 792 0.12
779 823 0.12
779 824 0.41
780 792 0.67
780 815 0.31
780 803 0.77
780 805 0.54
780 819 0.87
780 828 0.19
780 830 0.21
780 834 0.19
780 835 0.39
780 838 0.85
780 840 0.99
780 823 0.96
780 845 0.84
780 824 0.68
781 783 0.63
781 784 0.20
781 823 0.79
781 787 0.68
781 814 0.33
781 836 0.80
781 793 0.43
781 794 0.22
781 800 0.59
781 805 0.23
781 809 0.67
781 810 0.55
781 815 0.24
781 817 0.30
781 824 0.92
781 827 0.49
781 828 0.35
781 830 0.24
781 834 0.83
781 842 0.28
781 849 0.30
781 853 0.96
781 829 0.06
782 833 0.38
782 804 0.78
782 813 0.33
782 829 0.36
782 786 0.43
783 849 0.17
783 809 0.71
783 817 0.93
783 820 0.66
783 793 0.60
783 787 0.42
783 827 0.07
783 797 0.71
784 794 0.64
784 795 0.65
784 800 0.50
784 828 0.16
784 810 0.73
784 813 0.90
784 854 0.57
784 826 0.37
784 827 0.56
784 829 0.76
784 842 0.43
784 824 0.83
784 853 0.13
784 834 0.40
785 846 0.77
786 833 0.15
786 813 0.63
786 829 0.09
787 814 0.83
787 793 0.16
787 797 0.02
787 803 0.76
787 808 0.02
787 809 0.04
787 817 0.65
787 823 0.68
787 827 0.07
787 836 0.82
787 849 0.85
789 833 0.07
789 806 0.80
789 839 0.98
789 818 0.81
792 803 0.35
792 805 0.15
792 807 0.84
792 815 0.20
792 819 0.99
792 823 0.40
792 824 0.78
792 828 0.99
792 830 0.69
792 835 0.13
792 837 0.53
792 838 0.36
792 850 0.30
793 836 0.61
793 849 0.41
793 808 0.63
793 809 0.31
793 817 0.36
793 850 0.20
793 797 0.23
794 842 0.01
794 795 0.95
795 829 0.18
795 842 0.48
795 813 0.23
795 853 0.47
795 820 0.61
796 806 0.47
796 818 0.85
796 822 0.75
796 829 0.24
797 831 0.80
797 808 0.36
797 809 0.10
797 817 0.58
797 820 0.67
797 827 0.24
797 828 0.74
797 849 0.64
798 852 0.95
798 855 0.97
799 835 0.06
799 845 0.83
799 813 0.38
799 814 0.40
800 814 0.59
800 805 0.92
800 810 0.85
800 823 0.02
800 827 0.70
800 828 0.29
800 830 0.38
800 834 0.60
800 842 0.43
800 845 0.46
800 853 0.18
800 856 0.99
802 818 0.59
802 806 0.03
803 837 0.98
803 840 0.05
803 820 0.98
803 880 0.15
804 849 0.65
804 856 0.08
805 823 0.09
805 814 0.18
805 815 0.30
805 837 0.16
805 880 0.77
805 838 0.69
805 807 0.90
805 810 0.01
805 817 0.50
805 818 0.35
805 819 0.48
805 847 0.29
805 827 0.01
805 828 0.79
805 829 0.39
805 830 0.06
805 843 0.84
805 840 0.18
805 842 0.23
805 844 0.57
805 824 0.39
805 853 0.39
805 834 0.58
805 831 0.70
806 833 0.90
806 839 0.61
806 850 0.06
806 818 0.23
806 822 0.69
807 828 0.25
807 843 0.45
807 856 0.76
807 819 0.61
807 838 0.65
807 823 0.57
808 809 0.92
809 817 0.74
809 827 0.12
810 814 0.13
810 815 0.16
810 827 0.22
810 828 0.34
810 842 0.80
810 823 0.28
810 853 0.58
810 856 0.63
810 834 0.41
810 847 0.65
812 815 0.84
812 824 0.89
812 828 0.57
812 837 0.37
813 833 0.23
814 827 0.65
814 828 0.54
814 829 0.02
814 834 0.52
814 842 0.40
814 853 0.78
815 828 0.17
815 819 0.87
815 824 0.91
815 830 0.31
815 835 0.96
815 837 0.92
815 838 0.86
815 823 0.40
815 845 0.99
815 853 0.83
815 856 0.89
815 834 0.32
815 847 0.68
816 833 0.13
816 850 0.63
817 819 0.77
817 827 0.74
817 828 0.11
817 830 0.96
817 850 0.93
818 839 0.84
818 822 0.13
819 856 0.12
819 823 0.55
819 824 0.17
819 827 0.82
819 828 0.46
819 830 0.02
819 834 0.11
819 835 0.53
819 838 0.93
819 840 0.78
819 848 0.14
819 880 0.57
820 831 0.72
820 823 0.75
820 824 0.20
820 828 0.17
820 830 0.19
820 834 0.24
820 845 0.08
820 848 0.49
820 849 0.08
820 853 0.76
821 836 0.44
822 839 0.65
822 850 0.38
822 829 0.12
823 856 0.01
823 880 0.57
823 827 0.03
823 828 0.16
823 830 0.46
823 834 0.20
823 835 0.39
823 838 0.38
823 840 0.58
823 843 0.16
823 848 0.83
823 824 0.18
823 853 0.58
824 837 0.54
824 826 0.67
824 827 0.75
824 828 0.49
824 829 0.44
824 830 0.79
824 834 0.52
824 835 0.93
824 838 0.54
824 840 0.66
824 842 0.16
824 844 0.17
824 848 0.14
824 849 0.39
824 853 0.29
824 847 0.61
824 843 0.57
826 842 0.07
826 830 0.92
826 828 0.44
827 828 1.00
827 830 0.14
827 834 0.28
827 842 0.62
827 849 0.48
827 853 0.14
828 856 0.68
828 837 0.81
828 880 0.70
828 829 0.78
828 830 0.07
828 835 0.75
828 838 0.88
828 840 0.51
828 842 0.08
828 844 0.93
828 845 0.15
828 848 0.72
828 846 0.53
828 834 0.31
828 847 0.71
828 849 0.07
828 853 0.48
829 834 0.69
829 842 0.52
829 853 0.67
829 847 0.25
830 834 0.75
830 838 0.41
830 840 0.41
830 844 0.97
830 845 0.33
830 846 0.51
830 853 0.95
830 856 0.50
830 847 0.90
830 849 0.13
831 853 0.21
834 842 0.56
834 844 0.94
834 853 0.26
834 847 0.45
835 838 1.00
835 837 0.38
836 853 0.23
837 840 0.71
838 840 0.02
838 856 0.22
840 848 0.31
840 856 0.89
842 853 0.94
844 848 0.04
845 849 0.51
847 853 0.72
852 855 0.91
856 869 0.59
869 890 0.24
